0,800
0,799
0,798
0,797
0,796
0,795
79,5
79,4
79,3
79,1
79,0
13,25
0,794
78,5
78,4
78,3
78,1
78,0
0,793
0,792
0,791
0,790
0,789
0,788
0,787
0,786
77,13
77,12
77,11
77,10
77,9
77,8
77,7
77,6
77,5
77,4
77,3
77,1
77,0
0,785
0,784
76,13
0,783
0,782
76,12
0,781
0,780
76,11
0,779
0,778
76,10
0,777
76,9
0,776
0,775
0,774
0,773
76,8
0,772
0,771
76,7
76,6
0,770
76,5
76,4
76,3
76,1
76,0
0,769
75,35
0,768
13,15
13,2
0,686
0,685
0,684
16,7
0,683
16,8
0,682
16,1
0,681
0,680
16,6
16,2
0,679
0,678
16,5
0,677
0,676
0,675
8,7
0,674
8,6
8,2
0,673
8,1
0,672
8,5
0,671
0,670
5,6
0,669
5,2
0,668
5,1
0,667
5,5
0,666
0,665
6,6
6,2
6,1
0,664
0,663
6,5
0,662
0,661
0,660
0,659
0,658
0,657
0,656
0,655
0,654
0,653
0,652
0,651
0,650
0,649
0,648
0,647
0,646
0,645
0,644
0,643
0,642
0,641
0,640
0,639
0,638
0,637
0,636
0,635
0,634
0,633
0,632
0,631
0,630
0,629
0,628
0,627
0,626
0,625
0,624
0,623
0,622
0,621
0,620
0,619
0,618
0,617
2,2
0,616
2,1
0,615
2,5
0,614
0,613
0,612
0,611
13,37
0,610
13,8
0,609
0,364
13,132
10,41
0,608
13,7
0,607
10,5
13,131
0,606
10,10
13,1
0,605
10,9
13,77
0,604
10,8
13,5
0,603
30,1
10,7
13,6
0,602
10,1
30,5
0,601
10,6
0,600
0,599
0,308
29,1
0,305
29,5
0,340
0,10
0,311
0,310
0,0
0,307
0,306
0,13
0,339
0,11
0,9
75,34
75,33
75,32
75,31
75,30
75,29
75,28
75,27
75,26
